1.783381753916947562e-34
8.454100044599280271e-34
3.930109835387330590e-33
1.792718977268431249e-32
8.027769836123493534e-32
3.530338312886754372e-31
1.525130328585420073e-30
6.473977757962738700e-30
2.700803306733740242e-29
1.107490578336217035e-28
4.464446776764197762e-28
1.769379526198296787e-27
6.895047880674820848e-27
2.642086901599112650e-26
9.955778271956164182e-26
3.689273265761459844e-25
1.344488122016640475e-24
4.818691150546295061e-24
1.698448774563764774e-23
5.887193768138333730e-23
2.006591703018009344e-22
6.724220543653131954e-22
2.214949180309803986e-21
7.169605333526738557e-21
2.279652645919224454e-20
7.116703566432884231e-20
2.180163358086187144e-19
6.550005680910523355e-19
1.928742623550455935e-18
5.563374222808447475e-18
1.571156600304367505e-17
4.342678843488948330e-17
1.174528556317666704e-16
3.108353782404805415e-16
8.050826434731499319e-16
2.041568319310020115e-15
5.071678541864959352e-15
1.235155765949630867e-14
2.951481586811410908e-14
6.926268427247803064e-14
1.597701913158437071e-13
3.625837891083085819e-13
8.101803022365373002e-13
1.783667131033774233e-12
3.871246696003571586e-12
8.286795956367275953e-12
1.750117164648674783e-11
3.647517562768079784e-11
7.503260692920317283e-11
1.523608081592555120e-10
3.054203992140143150e-10
6.044268390873589496e-10
1.180925238415528989e-09
2.277936660922695680e-09
4.338169936528603656e-09
8.156820837388625530e-09
1.514216127099032361e-08
2.775302200483377962e-08
5.022165376432251911e-08
8.972902981495557955e-08
1.582847970282031489e-07
2.756848416086816104e-07
4.740862552259772195e-07
8.049634126776842393e-07
1.349500010639429821e-06
2.233836910084884095e-06
3.651033926267193470e-06
5.892102582203332941e-06
9.388995211451828455e-06
1.477293746249012481e-05
2.295187841640542476e-05
3.521098114507867176e-05
5.333982563535567546e-05
7.978915340282599622e-05
1.178583401679693903e-04
1.719121404573262203e-04
2.476214541571655488e-04
3.522178645779982706e-04
4.947455876931150867e-04
6.862875583557979551e-04
9.401352198289865403e-04
1.271865009230948749e-03
1.699279629142383310e-03
2.242170234517871195e-03
2.921857969774690165e-03
3.760481059223007988e-03
4.780007721717736101e-03
6.000975779416756369e-03
7.440986363416947705e-03
9.113010003164728409e-03
1.102359601426432592e-02
1.317110695367556053e-02
1.554412485735902523e-02
1.812019072084064542e-02
2.086503936739084186e-02
2.373247568901131269e-02
2.666500414303085015e-02
2.959527238060396734e-02
3.244832535147205294e-02
3.514459376208329405e-02
3.760346767465321677e-02
3.974724053854464256e-02
4.150515910186430152e-02
4.281728722085006295e-02
4.363789099388445947e-02
4.393808025589102800e-02
4.370749529143180823e-02
4.295490255982993555e-02
4.170765174277510368e-02
4.001003954837272641e-02
3.792071409647498198e-02
3.550932867511438773e-02
3.285270799960286758e-02
3.003081880709576948e-02
2.712283737945134915e-02
2.420358017480473897e-02
2.134051405668453000e-02
1.859149626556965904e-02
1.600331973569116967e-02
1.361106558394202005e-02
1.143819962326661499e-02
9.497299497903094467e-03
7.791266665582005126e-03
6.314863378592211821e-03
5.056417235146475758e-03
3.999551527117301691e-03
3.124824544089697780e-03
2.411191132650976603e-03
1.837231351173151906e-03
1.382120739269179863e-03
1.026342021518727738e-03
7.521573872738341379e-04
5.438732305650074636e-04
3.879357324757321999e-04
2.728969792880951250e-04
1.892888804941620859e-04
1.294374703305778028e-04
8.724450231914644954e-05
5.795746556009117114e-05
3.794377829216836264e-05
2.448017843132806862e-05
1.556429702573715828e-05
9.752065906269779966e-06
6.021958123533750962e-06
3.665069664809129845e-06
2.198691013229904355e-06
1.300228249222026332e-06
7.580257076394831509e-07
4.357028889221460932e-07
2.469271173367292916e-07
1.379889700005456507e-07
7.603929322808884766e-08
4.132057465579753103e-08
2.214326551150254406e-08
1.170234723473193021e-08
6.099108533514077389e-09
3.134913552692672842e-09
1.589104935918480243e-09
7.944160675578654616e-10
3.916621090917476332e-10
1.904329769274504067e-10
9.131419343438986900e-11
4.318153540423459682e-11
2.013814307051509398e-11
9.261898540447061870e-12
4.200852552470538150e-12
1.879010132133130377e-12
8.288432248338090692e-13
3.605491196080300062e-13
1.546686544373245574e-13
6.543089511009509558e-14
2.729623551944245875e-14
1.122944759198405452e-14
4.555602926364457581e-15
1.822472132580186351e-15
7.189501567456187738e-16
2.796754183358955312e-16
1.072807004161438855e-16
4.057832726879128171e-17
1.513437613141291574e-17
5.565758696886840917e-18
2.018199856666240125e-18
7.215610076619444776e-19
2.543540203014203204e-19
8.839884045954304098e-20
3.028869414579535334e-20
1.023108419347085570e-20
3.406811364394383436e-21
1.118239004429238609e-21
3.617863460976397652e-22
1.153631256338168177e-22
3.625269077553371267e-23
1.122604967863910867e-23
3.425117085161007680e-24
1.029499650205736378e-24
3.047974123664845650e-25
8.886958155251274574e-26
2.551314518118903727e-26
7.210164094261951402e-27
2.005332833484162747e-27
5.487395429429616184e-28
