4.857331436147404539e-04
5.206848469821082461e-04
5.571787395668635580e-04
5.953832905979725533e-04
6.354618524482441881e-04
6.775694231144190885e-04
7.218512295119998163e-04
7.684426991079048534e-04
8.174703406557357619e-04
8.690530952024407138e-04
9.233038102571095550e-04
9.803305996854030750e-04
1.040237954733918722e-03
1.103127553368852881e-03
1.169098771016303462e-03
1.238248927629884968e-03
1.310673319125198102e-03
1.386465081909660398e-03
1.465714933123894682e-03
1.548510820472692078e-03
1.634937506780319901e-03
1.725076106996200611e-03
1.819003589742164417e-03
1.916792251554340788e-03
2.018509169426383875e-03
2.124215635736948372e-03
2.233966578822921874e-03
2.347809972084665114e-03
2.465786234409620380e-03
2.587927624754195709e-03
2.714257633859497310e-03
2.844790376259906731e-03
2.979529985933713002e-03
3.118470019147241441e-03
3.261592868230541072e-03
3.408869190206035085e-03
3.560257354351260839e-03
3.715702912923321555e-03
3.875138099391112288e-03
4.038481358622300274e-03
4.205636913535979945e-03
4.376494372772313755e-03
4.550928383938483528e-03
4.728798336954233815e-03
4.909948121959585576e-03
5.094205946138172236e-03
5.281384213662555609e-03
5.471279472780457044e-03
5.663672433827995900e-03
5.858328061680161299e-03
6.054995745831370270e-03
6.253409550933471291e-03
6.453288550213534189e-03
6.654337243750124871e-03
6.856246063092674183e-03
7.058691963192162931e-03
7.261339102043133827e-03
7.463839607855321523e-03
7.665834432944574998e-03
7.866954292901120679e-03
8.066820688922069285e-03
8.265047010531743205e-03
8.461239715221797325e-03
8.654999580871156756e-03
8.845923026120276408e-03
9.033603493208995638e-03
9.217632887149445828e-03
9.397603064468310063e-03
9.573107364179355913e-03
9.743742173090074940e-03
9.909108517044429645e-03
1.006881366925837552e-02
1.022247276651418353e-02
1.036971042365547428e-02
1.051016233657617836e-02
1.064347686371818619e-02
1.076931657599829173e-02
1.088735976507560280e-02
1.099730189994654710e-02
1.109885702201163921e-02
1.119175906902536606e-02
1.127576311866814590e-02
1.135064654292017826e-02
1.141621006492826891e-02
1.147227871065654124e-02
1.151870264829178356e-02
1.155535790911351758e-02
1.158214698437676389e-02
1.159899929359979077e-02
1.160587152061047164e-02
1.160274781464825863e-02
1.158963985483435315e-02
1.156658677735248643e-02
1.153365496570464728e-02
1.149093770547231566e-02
1.143855470602258423e-02
1.137665149262775954e-02
1.130539867344197008e-02
1.122499108672085112e-02
1.113564683456493877e-02
1.103760621029502981e-02
1.093113052732400808e-02
1.081650085808925563e-02
1.069401669219276901e-02
1.056399452341546218e-02
1.042676637568655182e-02
1.028267827840370630e-02
1.013208870171561880e-02
9.975366962492432377e-03
9.812891611718209742e-03
9.645048813951898753e-03
9.472230729317479558e-03
9.294833908195283476e-03
9.113257708419709655e-03
8.927902744335710836e-03
8.739169376527862465e-03
8.547456250443960860e-03
8.353158891468166064e-03
8.156668363298534216e-03
7.958369995714031919e-03
7.758642187054560699e-03
7.557855285912378450e-03
7.356370555727118933e-03
7.154539225154423442e-03
6.952701626266504301e-03
6.751186421846200499e-03
6.550309922267277991e-03
6.350375491715252833e-03
6.151673042807300970e-03
5.954478618011532602e-03
5.759054055675143745e-03
5.565646737917218263e-03
5.374489417162284406e-03
5.185800117664758103e-03
4.999782108012724990e-03
4.816623940306103725e-03
4.636499551465719099e-03
4.459568421963387534e-03
4.285975787146757525e-03
4.115852896283187130e-03
3.949317314442252549e-03
3.786473262389890466e-03
3.627411989760024897e-03
3.472212176909482851e-03
3.320940361029169324e-03
3.173651382292903486e-03
3.030388846052058018e-03
2.891185597332192499e-03
2.756064204157361933e-03
2.625037446495108017e-03
2.498108807908500702e-03
2.375272967270729545e-03
2.256516288190450314e-03
2.141817304063094000e-03
2.031147196931782587e-03
1.924470268594614605e-03
1.821744402635199628e-03
1.722921516276258594e-03
1.627948001162761666e-03
1.536765152368799485e-03
1.449309585092093235e-03
1.365513638648450370e-03
1.285305767511365268e-03
1.208610919253073554e-03
1.135350899338973983e-03
1.065444722805092498e-03
9.988089529100183713e-04
9.353580269013899275e-04
8.750045690706508179e-04
8.176596912934815369e-04
7.632332812663910259e-04
7.116342786539216030e-04
6.627709393586602186e-04
6.165510881170837383e-04
5.728823596117634713e-04
5.316724282730209573e-04
4.928292269255528596e-04
4.562611544154472403e-04
4.218772723341856655e-04
3.895874909370831908e-04
3.593027443394070423e-04
3.309351550570430807e-04
3.043981879511196693e-04
2.796067936277393242e-04
2.564775413423896070e-04
2.349287414601663202e-04
2.148805575285885928e-04
1.962551080290772716e-04
1.789765578861086633e-04
1.629711998279219593e-04
1.481675257103816053e-04
1.344962879350583454e-04
1.218905511132008923e-04
1.102857341494540574e-04
9.961964294252816576e-05
8.983249392431967410e-05
8.086692868432549376e-05
7.266801995276451402e-05
6.518326924258454236e-05
5.836259647788099122e-05
5.215832196359356697e-05
