1.896662208676470982e-04
2.048524826372405535e-04
2.211128726887598049e-04
2.385134171741958616e-04
2.571220343372626160e-04
2.770087832281697949e-04
2.982460354742597097e-04
3.209085796382007841e-04
3.450736700167955661e-04
3.708210309812858072e-04
3.982328257600341813e-04
4.273935960151344147e-04
4.583901762776371614e-04
4.913115855245544323e-04
5.262488969294265573e-04
5.632950860128534219e-04
6.025448569483179669e-04
6.440944465338735740e-04
6.880414052448465987e-04
7.344843547784075900e-04
7.835227215534961353e-04
8.352564457195740290e-04
8.897856653416113745e-04
9.472103755634649633e-04
1.007630062700678227e-03
1.071143313379220672e-03
1.137847399013471126e-03
1.207837836108653466e-03
1.281207923074018399e-03
1.358048254447982587e-03
1.438446213658619134e-03
1.522485445675691735e-03
1.610245311150497243e-03
1.701800323882612627e-03
1.797219573704414344e-03
1.896566137121801898e-03
1.999896478302092950e-03
2.107259843245494479e-03
2.218697650218598959e-03
2.334242879763754296e-03
2.453919467817418636e-03
2.577741705682579359e-03
2.705713650791280456e-03
2.837828552362746393e-03
2.974068296217336968e-03
3.114402873121777625e-03
3.258789875142486473e-03
3.407174024541673608e-03
3.559486739778343345e-03
3.715645743171031284e-03
3.875554714724905366e-03
4.039102996541177847e-03
4.206165352090833476e-03
4.376601784459455656e-03
4.550257417447766718e-03
4.726962443145613438e-03
4.906532139285698334e-03
5.088766959326213729e-03
5.273452697810011684e-03
5.460360733110930509e-03
5.649248349191384952e-03
5.839859137483292308e-03
6.031923479451150455e-03
6.225159109819601404e-03
6.419271759844569041e-03
6.613955879383665200e-03
6.808895435890451042e-03
7.003764787810362082e-03
7.198229629214775334e-03
7.391948001872883540e-03
7.584571370333785360e-03
7.775745754986941594e-03
7.965112917490817582e-03
8.152311592413342967e-03
8.336978758425104066e-03
8.518750941929385465e-03
8.697265545607190534e-03
8.872162194019546366e-03
9.043084088120325117e-03
9.209679360334552256e-03
9.371602421717075901e-03
9.528515292647483925e-03
9.680088908544253606e-03
9.826004392173976615e-03
9.965954284326958637e-03
1.009964372488053250e-02
1.022679157662329842e-02
1.034713148462844054e-02
1.046041286445390656e-02
1.056640181300823843e-02
1.066488193653872263e-02
1.075565509087650362e-02
1.083854202979760498e-02
1.091338295812008599e-02
1.098003798695706620e-02
1.103838748936354121e-02
1.108833235544147769e-02
1.112979414680708573e-02
1.116271515114785305e-02
1.118705833841192668e-02
1.120280722095299240e-02
1.120996562070664636e-02
1.120855734717941116e-02
1.119862579068915329e-02
1.118023343588455537e-02
1.115346130110720681e-02
1.111840830961481272e-02
1.107519059907076907e-02
1.102394077600625522e-02
1.096480712218625940e-02
1.089795275995407604e-02
1.082355478368624870e-02
1.074180336446926322e-02
1.065290083501461461e-02
1.055706076164973986e-02
1.045450700998386447e-02
1.034547281053859770e-02
1.023019983026538307e-02
1.010893725546021735e-02
9.981940891112588143e-03
9.849472281246187538e-03
9.711797854265723576e-03
9.569188096791726716e-03
9.421916758903591677e-03
9.270260093154137834e-03
9.114496129166749921e-03
8.954903985082206946e-03
8.791763216605978995e-03
8.625353203908557240e-03
8.455952576171136062e-03
8.283838673141868600e-03
8.109287042689818439e-03
7.932570973000468290e-03
7.753961057769691995e-03
7.573724792515177176e-03
7.392126199927444123e-03
7.209425482048708450e-03
7.025878696975711678e-03
6.841737457741674071e-03
6.657248651039205344e-03
6.472654173495000045e-03
6.288190683291148414e-03
6.104089365057324690e-03
5.920575706109551008e-03
5.737869282297853972e-03
5.556183551935435852e-03
5.375725656507160735e-03
5.196696227096286001e-03
5.019289195714968232e-03
4.843691610974915421e-03
4.670083457792665975e-03
4.498637481061342445e-03
4.329519013476246583e-03
4.162885807920831648e-03
3.998887875038452736e-03
3.837667326808934850e-03
3.679358227121559601e-03
3.524086450488337664e-03
3.371969550169544305e-03
3.223116637085009575e-03
3.077628270967560677e-03
2.935596365259928158e-03
2.797104107281942788e-03
2.662225895188758892e-03
2.531027293207950037e-03
2.403565006587487802e-03
2.279886877603302161e-03
2.160031903876493808e-03
2.044030280124353033e-03
1.931903464322135434e-03
1.823664269095053329e-03
1.719316978974257809e-03
1.618857493958661322e-03
1.522273499619193875e-03
1.429544663765527608e-03
1.340642859478152239e-03
1.255532414080025218e-03
1.174170383398790568e-03
1.096506850442687973e-03
1.022485247391652580e-03
8.851103900182530869e-04
8.216139425465678221e-04
7.614738220606930962e-04
7.046057494342252564e-04
6.509211291409682616e-04
6.003274871920377979e-04
5.527289169673417360e-04
5.080265304242574317e-04
4.661189121007215685e-04
4.269025732906802273e-04
3.902724037567703065e-04
3.561221183581922281e-04
3.243446960093335652e-04
2.948328084463805042e-04
2.674792363614940621e-04
2.421772705716985054e-04
2.188210960218571434e-04
1.973061565811991898e-04
1.775294987794081029e-04
1.593900928399481895e-04
