9.964895777284042623e-32
3.529540355925333744e-31
1.230114641154968261e-30
4.221591524341242199e-30
1.427490179337656832e-29
4.758292993444557095e-29
1.564176395812523772e-28
5.072478877107292499e-28
1.623202174220496260e-27
5.126727219793558035e-27
1.598468104857304161e-26
4.920753844080044331e-26
1.495823202151707354e-25
4.490536617904948921e-25
1.331456184451233729e-24
3.899434623625516255e-24
1.128114322929385588e-23
3.224093738768358235e-23
9.103069160546327794e-23
2.539290807278206317e-22
6.998355909668646132e-22
1.905670851018020201e-21
5.127080909049900663e-21
1.362871699339254716e-20
3.579154863157566085e-20
9.285520234575733398e-20
2.379402618254250774e-19
6.021057727151672801e-19
1.504168406820237738e-18
3.708368228125319990e-18
9.018782400536442132e-18
2.162658941591061673e-17
5.110847677077216269e-17
1.189767076953791415e-16
2.727232044455379079e-16
6.153833838185550053e-16
1.366676693443710314e-15
2.987348538450436762e-15
6.428139416433118549e-15
1.362123717200566244e-14
2.843787309971206359e-14
5.853222983457550860e-14
1.188532874752344608e-13
2.382644023140549313e-13
4.718960972290595628e-13
9.239698180227190627e-13
1.789550440775337386e-12
3.430161074448074451e-12
6.509335600016731519e-12
1.223313145856238808e-11
2.277246881513013458e-11
4.199705121992251030e-11
7.673742255322805764e-11
1.389324536906303797e-10
2.492449629552951910e-10
4.430847217027553952e-10
7.805349626495058876e-10
1.362537080883517352e-09
2.356994645810831033e-09
4.040419187728539603e-09
6.863644532823763627e-09
1.155437672455353935e-08
1.927544784080617224e-08
3.186628994758433934e-08
5.220721297257917177e-08
8.476263729398403575e-08
1.363817898371481642e-07
2.174650038497247184e-07
3.436422805412634079e-07
5.381598038373824589e-07
8.352311016346606303e-07
1.284683516472674966e-06
1.958317740394431834e-06
2.958497193587202213e-06
4.429591842760688698e-06
6.573011881384141943e-06
9.666671391615583954e-06
1.408980752321324864e-05
2.035412920728630755e-05
2.914225867630902735e-05
4.135433251125848107e-05
5.816341680354111555e-05
8.108003228659810778e-05
1.120255506925863252e-04
1.534134896619916753e-04
2.082367876537981311e-04
2.801579864286574064e-04
3.735979133205522516e-04
4.938169932672299700e-04
6.469818182760767034e-04
8.402081805442759843e-04
1.081570588125881343e-03
1.380067508521691565e-03
1.745531420892633065e-03
2.188473395871807798e-03
2.719853535385534891e-03
3.350771319362287268e-03
4.092073775372250671e-03
4.953884368199888526e-03
5.945061440023867785e-03
7.072601631820018588e-03
8.341010569570173408e-03
9.751669679683877892e-03
1.130223370020670345e-02
1.298609763622992838e-02
1.479197395180624139e-02
1.670362017172468891e-02
1.869975342315305031e-02
2.075418164660192133e-02
2.283617139182839845e-02
2.491105972917024083e-02
2.694110357407952100e-02
2.888654459040733424e-02
3.070685288594462992e-02
3.236209904164970980e-02
3.381439264152238944e-02
3.502931726196098494e-02
3.597728753881561381e-02
3.663475400630933354e-02
3.698518629927061846e-02
3.701977523961087757e-02
3.673780917399191437e-02
3.614669906473109984e-02
3.526164897079575589e-02
3.410499174199854017e-02
3.270523161068679407e-02
3.109585353646025785e-02
2.931397180220879362e-02
2.739889655435822149e-02
2.539069683225238586e-02
2.332883305078787411e-02
2.125092216570946199e-02
1.919168607831929496e-02
1.718211915328841932e-02
1.524889473655698796e-02
1.341401403266181784e-02
1.169468473143334304e-02
1.010340286690411538e-02
8.648201204482751370e-03
7.333022299022814126e-03
6.158174685377651968e-03
5.120835724238224744e-03
4.215572643153329101e-03
3.434861958387325654e-03
2.769594597105671119e-03
2.209558358426000173e-03
1.743890712215020360e-03
1.361494236750989892e-03
1.051405715300966076e-03
8.031094862263382563e-04
6.067869696463191846e-04
4.534975025176035636e-04
3.352901359659949429e-04
2.452509211147251011e-04
1.774944422883479190e-04
1.271112281080261574e-04
9.008387454749190422e-05
6.318434453007917254e-05
4.386334281004358650e-05
3.014040103519129808e-05
2.050082501252122763e-05
1.380332417063757340e-05
9.200189415665356086e-06
6.070404836849380613e-06
3.965066829601098844e-06
2.563877377857596845e-06
1.641187085362169803e-06
1.039996805876392961e-06
6.524046692082190037e-07
4.051451670530526806e-07
2.490632954689846427e-07
1.515691482973564017e-07
9.130827845680722629e-08
5.445073781935547854e-08
3.214307659324816799e-08
1.878264580354164966e-08
1.086443499717375735e-08
6.220621560622643550e-09
3.525588982163881764e-09
1.977860378107302056e-09
1.098297968437537586e-09
6.036700250182783678e-10
3.284187220732989175e-10
1.768474118424264562e-10
9.425518953533154452e-11
4.972106307613914195e-11
2.595950519782153461e-11
1.341420665240889912e-11
6.860206343661512694e-12
3.472187844634927491e-12
1.739211665674983913e-12
8.621308401953586977e-13
4.229145059967911879e-13
2.052940866754224906e-13
9.861182594447529468e-14
4.686975765285066978e-14
2.204184351509880345e-14
1.025587067800000787e-14
4.721083135316140758e-15
2.149943422469711448e-15
9.684933580284536532e-16
