4.103449077868325087e-08
5.827274419785309203e-08
8.215255420800411196e-08
1.150234330369054830e-07
1.599960591279839001e-07
2.211659346403839160e-07
3.038954876807750461e-07
4.151677168526118812e-07
5.640267943066353692e-07
7.621235990881990297e-07
1.024386914859247221e-06
1.369843937593093982e-06
1.822616701844231434e-06
2.413123890438084885e-06
3.179519993213700278e-06
4.169405544535306234e-06
5.441842628749473579e-06
7.069708182877907805e-06
9.142412735758185174e-06
1.176900268908391578e-05
1.508164843800350280e-05
1.923949693942908677e-05
2.443283462939027152e-05
3.088746488172271421e-05
3.886915550112818562e-05
4.868796089518835185e-05
6.070217874106999576e-05
7.532167340202268089e-05
9.301030099368329815e-05
1.142872157534020677e-04
1.397269312576891645e-04
1.699581510413000741e-04
2.056615569806350026e-04
2.475669230227047174e-04
2.964500689140166061e-04
3.531302427510532018e-04
4.184684884804403611e-04
4.933673984512421421e-04
5.787723808640561889e-04
6.756742245124772086e-04
7.851123784061410848e-04
9.081780521095467575e-04
1.046016048465799172e-03
1.199824206367875856e-03
1.370849467020972398e-03
1.560379856956854846e-03
1.769732050664694868e-03
2.000234566355754001e-03
2.253206993804743145e-03
2.529935904461230387e-03
2.831648228418493299e-03
3.159482905199715447e-03
3.514461552254166850e-03
3.897458784832412079e-03
4.309172702514589039e-03
4.750095961925849923e-03
5.220487799843824203e-03
5.720347359951680200e-03
6.249388702761995984e-03
6.807017927820853409e-03
7.392312894153764760e-03
8.004006074473733745e-03
8.640471110010601585e-03
9.299713639340888641e-03
9.979366953636301801e-03
1.067669298261565876e-02
1.138858904239835844e-02
1.211160068161484804e-02
1.284194084912115147e-02
1.357551547915233393e-02
1.430795545136901575e-02
1.503465473767087550e-02
1.575081439857061935e-02
1.645149194324041844e-02
1.713165542299709132e-02
1.778624149208102648e-02
1.841021654613385003e-02
1.899863994169426543e-02
1.954672821295498630e-02
2.004991913813785470e-02
2.050393446981306142e-02
2.090484013327420856e-02
2.124910271588160635e-02
2.153364111845613993e-02
2.175587231681602729e-02
2.191375028595811403e-02
2.200579726892774174e-02
2.203112672396605187e-02
2.198945745326530768e-02
2.188111860016067958e-02
2.170704539395260438e-02
2.146876571758213337e-02
2.116837776773643209e-02
2.080851926435617338e-02
2.039232884186238312e-02
1.992340041304219156e-02
1.940573143428047515e-02
1.884366611422743157e-02
1.824183469438309807e-02
1.760508998764768324e-02
1.693844238875314573e-02
1.624699456869852648e-02
1.553587703481259380e-02
1.481018568063994199e-02
1.407492236798855122e-02
1.333493948028033164e-02
1.259488926529692653e-02
1.185917865030085977e-02
1.113193006719843600e-02
1.041694867381196682e-02
9.717696203307160663e-03
9.037271521180657158e-03
8.378397821760792327e-03
7.743416257649475033e-03
7.134285669652665543e-03
6.552587975010182308e-03
5.999538681227909592e-03
5.476001923925943871e-03
4.982509381177824964e-03
4.519282393896412349e-03
4.086256620584670374e-03
3.683108572573532465e-03
3.309283409081558228e-03
2.964023415870732040e-03
2.646396642761229736e-03
2.355325230100434059e-03
2.089613009554508374e-03
1.847972018371471688e-03
1.629047617505863287e-03
1.431441952398673041e-03
1.253735540986980219e-03
1.094506817223809539e-03
9.523495007801196415e-04
8.258877055438727582e-04
7.137887419201261689e-04
6.147736115107581452e-04
5.276252378653094712e-04
4.511945233279740855e-04
3.844043683215203925e-04
3.262518334752469943e-04
2.758086637451217442e-04
2.322204235990507160e-04
1.947045101820060146e-04
1.625473147925210438e-04
1.351007911906921221e-04
1.117786632847412855e-04
9.205246751053036214e-05
7.544758105126478582e-05
6.153934098097896136e-05
4.994931637657284729e-05
4.034175945282471662e-05
3.242023540505103421e-05
2.592441477531349901e-05
2.062700607346959882e-05
1.633080813683695777e-05
1.286586865084867568e-05
1.008674457987332099e-05
7.869869503593976604e-06
6.111040197635270939e-06
4.723039198861115321e-06
3.633411269864739244e-06
2.782409940479805081e-06
2.121126364363254984e-06
1.609807465412565929e-06
1.216364628587899020e-06
9.150687375253325060e-07
6.854226932272053458e-07
5.111989577251200245e-07
3.796272498576019516e-07
2.807162217684086936e-07
2.066926106218954261e-07
1.515417871470243423e-07
1.106345972157384363e-07
8.042671704158714910e-08
5.821825022222057523e-08
4.196285621300832877e-08
3.011722177030435383e-08
2.152310828411836055e-08
1.531549342683071848e-08
1.085145935473846182e-08
7.655459699097731921e-09
5.377430607291218142e-09
3.760909259916810037e-09
2.618901338286096553e-09
1.815712398529608364e-09
1.253342209443009515e-09
8.613499597650863474e-10
5.893445449243809423e-10
4.014490509138060696e-10
2.722416521232446691e-10
1.837945460322160417e-10
1.235250359312661405e-10
8.264403220160591265e-11
5.504163370768331974e-11
3.649075814131265320e-11
2.408096300443219137e-11
1.581797742718649175e-11
1.034189041075854440e-11
6.729850435216646574e-12
4.358637628061476567e-12
2.809428288191304783e-12
