1.409981843609663284e-03
1.497920872963020905e-03
1.588952972760615577e-03
1.683418711644121780e-03
1.781587975884781679e-03
1.883667063998992848e-03
1.989809433610733626e-03
2.100126908068895154e-03
2.214699425184008755e-03
2.333582517189008478e-03
2.456812473986966054e-03
2.584409551215678322e-03
2.716379722877576477e-03
2.852715452650278830e-03
2.993395859826675394e-03
3.138386544839706725e-03
3.287639245311350846e-03
3.441091425600558990e-03
3.598665858857345943e-03
3.760270234549254170e-03
3.925796810091384224e-03
4.095122117779413477e-03
4.268106734519138031e-03
4.444595120017899234e-03
4.624415528116100974e-03
4.807379995310624363e-03
4.993284410017451158e-03
5.181908665622630625e-03
5.373016899862270192e-03
5.566357822521396555e-03
5.761665132845454271e-03
5.958658027440963054e-03
6.157041798769103194e-03
6.356508523657939357e-03
6.556737840539829561e-03
6.757397813391804488e-03
6.958145879630090770e-03
7.158629878456170340e-03
7.358489155436516264e-03
7.557355738362691276e-03
7.754855578761896649e-03
7.950609852741694072e-03
8.144236314251896217e-03
8.335350693237653097e-03
8.523568130661409240e-03
8.708504641887227990e-03
8.889778599533479375e-03
9.067012226581329382e-03
9.239833090283703504e-03
9.407875587257820069e-03
9.570782410086894898e-03
9.728205985768170402e-03
9.879809876461663476e-03
1.002527013321097803e-02
1.016427659357962629e-02
1.029653411457077082e-02
1.042176373263562286e-02
1.053970374315994080e-02
1.065011069243678409e-02
1.075276027584350959e-02
1.084744813670554704e-02
1.093399056114875874e-02
1.101222506511770512e-02
1.108201087062513773e-02
1.114322926924230309e-02
1.119578387176584262e-02
1.123960074395772939e-02
1.127462842918427154e-02
1.130083785970369820e-02
1.131822215924292371e-02
1.132679634036433576e-02
1.132659690091439471e-02
1.131768132460657383e-02
1.130012749146431031e-02
1.127403300446080253e-02
1.123951443922464877e-02
1.119670652412291592e-02
1.114576125839481652e-02
1.108684697627739142e-02
1.102014736524527597e-02
1.094586044656775149e-02
1.086419752639503598e-02
1.077538212548424801e-02
1.067964889551721759e-02
1.057724252969984360e-02
1.046841667501532611e-02
1.035343285312505072e-02
1.023255939643804950e-02
1.010607040540821046e-02
9.974244732544318773e-03
9.837364998069579591e-03
9.695716641562390076e-03
9.549587013290835452e-03
9.399264508348359123e-03
9.245037746065882037e-03
9.087194796577722014e-03
8.926022455827088350e-03
8.761805569725359885e-03
8.594826407651922490e-03
8.425364084978480272e-03
8.253694033844639552e-03
8.080087520997071560e-03
7.904811211147444450e-03
7.728126773973021182e-03
7.550290532634350987e-03
7.371553151464683984e-03
7.192159360324212360e-03
7.012347712996682900e-03
6.832350376946548683e-03
6.652392951724271468e-03
6.472694313345057557e-03
6.293466482004374078e-03
6.114914510616728527e-03
5.937236391762750094e-03
5.760622980793280758e-03
5.585257933012381486e-03
5.411317653048268797e-03
5.238971254727194451e-03
5.068380529972761790e-03
4.899699925471329327e-03
4.733076526053788327e-03
4.568650043959577786e-03
4.406552813362280517e-03
4.246909789723423909e-03
4.089838553728839844e-03
3.935449319729745869e-03
3.783844948764340712e-03
3.635120966376199480e-03
3.489365585563976128e-03
3.346659735296621425e-03
3.207077095109407347e-03
3.070684136347894087e-03
2.937540170676542547e-03
2.807697406486373698e-03
2.681201013847755651e-03
2.558089198640328514e-03
2.438393286461662188e-03
2.322137816876015341e-03
2.209340648504266522e-03
2.100013075389550472e-03
1.994159955000596954e-03
1.891779848143690596e-03
1.792865170969207365e-03
1.697402359156105012e-03
1.605372044254982583e-03
1.516749242060497476e-03
1.431503552771081931e-03
1.349599372591820182e-03
1.270996116339090419e-03
1.195648450515330013e-03
1.123506536227361369e-03
1.054516281218102758e-03
9.886196001744197541e-04
9.257546823778998318e-04
8.658562657059816568e-04
8.088559159578435692e-04
7.546823104589412247e-04
7.032615248579312606e-04
6.545173219528556191e-04
6.083714412948216686e-04
5.647438882664256206e-04
5.235532213523817974e-04
4.847168364160481832e-04
4.481512468995172555e-04
4.137723589084460083e-04
3.814957400868218833e-04
3.512368810798304018e-04
3.229114483299874998e-04
2.964355270459164619e-04
2.717258534276651306e-04
2.487000355220649723e-04
2.272767622578084382e-04
2.073760001801940229e-04
1.889191772152861858e-04
1.718293526193316264e-04
1.560313723043228122e-04
1.414520090519923645e-04
1.280200876158689980e-04
1.156665951210885990e-04
1.043247772797228169e-04
9.393022070448614393e-05
8.442092120709559914e-05
7.573733771622684721e-05
6.782243157434523291e-05
6.062169147968507628e-05
5.408314498576179667e-05
4.815735790897705939e-05
4.279742298509859742e-05
3.795893867908535241e-05
3.359997846603307895e-05
2.968105053297801220e-05
2.616504794338706796e-05
2.301718982887527174e-05
2.020495484257630510e-05
1.769800855603726258e-05
1.546812646197950078e-05
1.348911377583459664e-05
1.173672256934993877e-05
1.018856627023619513e-05
8.824031468394937517e-06
7.624187296392567020e-06
