3.779347186837749033e-05
1.104099721492241508e-04
2.709090601539330002e-04
5.648860826874632255e-04
1.017983978401752494e-03
1.620358788371472399e-03
2.335706655933802826e-03
3.126514992923881513e-03
3.972078144043747830e-03
4.869350228671494654e-03
5.824954913379580546e-03
6.848213474949228080e-03
7.947679343986597048e-03
9.129690824005356337e-03
1.039758102210929305e-02
1.175106193591011865e-02
1.318570634569161092e-02
1.469255583088377275e-02
1.625790655172204557e-02
1.786333197145159590e-02
1.948600141823880055e-02
2.109934299599632371e-02
2.267407605013004729e-02
2.417960084271961185e-02
2.558568260005631562e-02
2.686430865437228199e-02
2.799154024254115608e-02
2.894913770463278246e-02
2.972572433046601070e-02
3.031728323659035190e-02
3.072686006168129369e-02
3.096346678653565457e-02
3.104032847394372352e-02
3.097275134417037251e-02
3.077597735087140435e-02
3.046339441200373102e-02
3.004538194217872688e-02
2.952890948493776258e-02
2.891782233299756630e-02
2.821360357606541441e-02
2.741634294075470310e-02
2.652567747676333465e-02
2.554156562377812162e-02
2.446486177071675178e-02
2.329772958923366846e-02
2.204395489027168031e-02
2.070920563653036450e-02
1.930126098211148306e-02
1.783020887776862878e-02
1.630859733837648762e-02
1.475151563807269861e-02
1.317657545085722942e-02
1.160375701539905977e-02
1.005508209296390384e-02
8.554075063895990455e-03
7.124977893945214948e-03
5.791696676011185221e-03
4.576481410410938172e-03
3.498383657319670791e-03
2.571606752266401667e-03
1.803958164011678408e-03
1.195696451309049375e-03
7.390560651924568810e-04
4.185842695420327391e-04
2.122708575758118217e-04
9.355630470201661223e-05
3.453438684622693198e-05
1.021135576375080483e-05
2.295712959344430696e-06
3.696158107855603167e-07
3.983475560426473863e-08
2.668611945403747922e-09
1.028985985377204474e-10
2.126886798648097091e-12
2.241785556092436373e-14
1.192166828925896440e-16
3.310612623815457876e-19
5.101087636870408823e-22
4.649454915657354425e-25
2.667970332550251454e-28
1.025889708972254392e-31
2.812110244693869877e-35
5.834485713102922196e-39
9.699313550389815695e-43
1.362681415441377824e-46
1.699657064932323800e-50
1.968853834238570473e-54
2.206363863349593903e-58
2.481179079499264589e-62
2.892621601172948044e-66
3.596820148086204018e-70
4.874454327877288137e-74
7.163925563630386653e-78
1.043244643386503041e-81
1.218090666406019633e-85
8.781540109043192647e-90
3.092007567902680592e-94
4.338387252142532413e-99
1.992372237354958930e-104
2.422755686051521417e-110
