2.757158447432032564e-05
6.161214595741105300e-05
1.241563528319042592e-04
2.267742670800812032e-04
3.781619329207934737e-04
5.811923806562969714e-04
8.326945272305766137e-04
1.126452254495214841e-03
1.457562914312992425e-03
1.825532123783363920e-03
2.234884102871692417e-03
2.693971914551468276e-03
3.213374049753277197e-03
3.804736179417879394e-03
4.480160139537447961e-03
5.251893131895668532e-03
6.132079017439849393e-03
7.132440665802733566e-03
8.263835519596928608e-03
9.535658245623147497e-03
1.095507880132183705e-02
1.252611699139691281e-02
1.424857154781754634e-02
1.611684485030057817e-02
1.811873397266850622e-02
2.023429382175406105e-02
2.243491592802163148e-02
2.468280169042241790e-02
2.693103339311783695e-02
2.912444903662112644e-02
3.120149498240924052e-02
3.309715107858277050e-02
3.474688838314544947e-02
3.609143226986260417e-02
3.708188285772807957e-02
3.768453130984495553e-02
3.788456687634034897e-02
3.768786926250029812e-02
3.712028657310456614e-02
3.622422905873717153e-02
3.505300351637911926e-02
3.366392003552023948e-02
3.211160391530889363e-02
3.044293855194007622e-02
2.869457720495350098e-02
2.689313597733471173e-02
2.505735500874703425e-02
2.320106033233279227e-02
2.133585069843434850e-02
1.947292981351213259e-02
1.762404583287504115e-02
1.580185574050094882e-02
1.401986664940732541e-02
1.229234867950731482e-02
1.063404834042905658e-02
9.059832830010168536e-03
7.584221077225913529e-03
6.220824983832171778e-03
4.981762901770063826e-03
3.877148223648067046e-03
2.914742121034646395e-03
2.099724008832352246e-03
1.434283192188930741e-03
9.165711750090768141e-04
5.388484845720586686e-04
2.855839766978555743e-04
1.332392462156981689e-04
5.324677771556924298e-05
1.767310213464836957e-05
4.707161755180079924e-06
9.688828178942249435e-07
1.480411670983172241e-07
1.611621514711291974e-08
1.202495103156996043e-09
5.958242599883717218e-11
1.925109207026850842e-12
4.060920504080362321e-14
5.723686070473612014e-16
5.611939915893653144e-18
4.010717758846033309e-20
2.183903636784399520e-22
9.429652322287910900e-25
3.350740233265298962e-27
1.015022443730053463e-29
2.710002643196074516e-32
6.578943085483912785e-35
1.494731562216807622e-37
3.263496115767031090e-40
7.014043216163314965e-43
1.516510715177590862e-45
3.362760138017885857e-48
7.770533858506337541e-51
1.883954817592461539e-53
4.691574391090916069e-56
1.111905467665879510e-58
2.198722376347937300e-61
3.113743946518995422e-64
2.727590002506027364e-67
1.287749300597099666e-70
2.852104900108131715e-74
