1.694748061522185990e-04
2.062095284485632326e-04
2.501108912554906357e-04
3.023693662852415358e-04
3.643213162710620982e-04
4.374542251989494844e-04
5.234086907759258811e-04
6.239762303629779782e-04
7.410918801986225756e-04
8.768205329967603857e-04
1.033335975050027507e-03
1.212891665833985399e-03
1.417782465718331547e-03
1.650296774225884890e-03
1.912658902642576375e-03
2.206961975766398576e-03
2.535092235851754000e-03
2.898646295317654394e-03
3.298843629778999437e-03
3.736437382454351613e-03
4.211627314263058190e-03
4.723979417202478839e-03
5.272357237605922002e-03
5.854870250226153899e-03
6.468844603780036021e-03
7.110821152555666692e-03
7.776584844711170383e-03
8.461228233349262981e-03
9.159250128321673456e-03
9.864688279696895781e-03
1.057128259457934018e-02
1.127266290485710518e-02
1.196255293459986581e-02
1.263498009948431366e-02
1.328447934850275451e-02
1.390627864811358992e-02
1.449645407359984560e-02
1.505204388961059112e-02
1.557111344103582172e-02
1.605276598520598980e-02
1.649709850777555942e-02
1.690510571152157790e-02
1.727853932492515524e-02
1.761973321447808313e-02
1.793140712252580538e-02
1.821646292246680010e-02
1.847778697158878117e-02
1.871807051372050001e-02
1.893965737872825919e-02
1.914442482488004291e-02
1.932396090398248722e-02
1.950156685705575071e-02
1.966365422342173513e-02
1.980990833484873662e-02
1.993714214608215476e-02
2.004922393571565917e-02
2.013959044493205883e-02
2.020756139963070588e-02
2.025052807665080057e-02
2.026356199834223465e-02
2.024370480296827299e-02
2.018715276859770966e-02
2.008932928573089680e-02
1.994627684661980441e-02
1.975380864927537075e-02
1.950792318761354963e-02
1.920480053316426378e-02
1.884118218926503566e-02
1.841443722071186076e-02
1.792268389147929145e-02
1.736505366413623741e-02
1.674184447824759309e-02
1.605467602594662022e-02
1.530662935934048313e-02
1.450231356674576769e-02
1.364791208237895771e-02
1.275114587766777198e-02
1.182116793021255330e-02
1.086838265051852381e-02
9.904184543665275897e-03
8.940630642041900306e-03
7.990051317873416575e-03
7.064620220939680367e-03
6.175905766355445879e-03
5.334430233189702171e-03
4.549265908228361695e-03
3.827695637461390413e-03
3.174963021495301463e-03
2.594131322086987677e-03
2.086062083296108365e-03
1.649514932882926218e-03
1.281359701892484382e-03
9.768824233647320412e-04
7.301588315985378186e-04
5.344638144519609467e-04
3.826835206745040361e-04
2.676986987050727733e-04
1.827130617302800237e-04
1.215082438246942160e-04
7.861609846043618227e-05
