2.381330176303375235e-13
5.306861722867668587e-13
1.174311900429195220e-12
2.579585331902827508e-12
5.623760839663622501e-12
1.216467437780187501e-11
2.610077109490923798e-11
5.553465583374175092e-11
1.171406112042714697e-10
2.448805183054382898e-10
5.071901859810262598e-10
1.040445877633116055e-09
2.113284380383274588e-09
4.248536711375345676e-09
8.451081556285318047e-09
1.662724901699887316e-08
3.234465350187772300e-08
6.218596900912493225e-08
1.181187500257572331e-07
2.215671697640491218e-07
4.102707340920230320e-07
7.495963877127111096e-07
1.350779226945374400e-06
2.399629980522083774e-06
4.200542495392180857e-06
7.242044573191825098e-06
1.229138655840103147e-05
2.052625401897061860e-05
3.371084324215553894e-05
5.442018972773993835e-05
8.630955847902819025e-05
1.344137747598187480e-04
2.054441065334956416e-04
3.080285687522266972e-04
4.528183335653299395e-04
6.523641050520563589e-04
9.206603967183157617e-04
1.272272707950532038e-03
1.721011479947180895e-03
2.278200852905601804e-03
2.950702941054723222e-03
3.738979360779507311e-03
4.635567714262546837e-03
5.624381388505438235e-03
6.681171745329797518e-03
7.775309634001171220e-03
8.872770657771408831e-03
9.939907366668108632e-03
1.094735001730725091e-02
1.187328314561049078e-02
1.247179721664928506e-02
1.326141047544965659e-02
1.395591595529063929e-02
1.456550252520474181e-02
1.503028584982223428e-02
1.554407710216154995e-02
1.597563628356027388e-02
1.640161166244283666e-02
1.684502506870002789e-02
1.725903704467046315e-02
1.767317641930006220e-02
1.809406694912945798e-02
1.850911954332343234e-02
1.892690647623466310e-02
1.934763415915443860e-02
1.977208705093488894e-02
2.019855405160743064e-02
2.062772627245156726e-02
2.105995890991630912e-02
2.149447376628185746e-02
2.193076951125574880e-02
2.236812374379934173e-02
2.280545721090262989e-02
2.324126457345934704e-02
2.367317500286923032e-02
2.409772558986917820e-02
2.450981930887535798e-02
2.490208234212118107e-02
2.526409474215367615e-02
2.558151838281787910e-02
2.583525995427898500e-02
2.600081273739382817e-02
2.604803896853146589e-02
2.594169725678329569e-02
2.564303407223489026e-02
2.511269187701343011e-02
2.431500555482394091e-02
2.322346289356856663e-02
2.182671935315183206e-02
2.013416552417910538e-02
1.817977245247364565e-02
1.602292730922349334e-02
1.374532670823137501e-02
1.144372835112135098e-02
9.219345659722905095e-03
7.165641462015317868e-03
5.356906227292810262e-03
3.840020309640537581e-03
2.631110027190520975e-03
1.717583047522438632e-03
