5.184348265793987916e-13
1.216980887168230738e-12
2.831556249859523850e-12
6.528179612747740125e-12
1.490919338655093156e-11
3.371917819431234315e-11
7.549566932956732740e-11
1.672809387249224013e-10
3.666932605715904343e-10
7.949495799290982351e-10
1.703726451637709846e-09
3.608464231430337751e-09
7.549894858255299082e-09
1.559854287191830458e-08
3.181085343715139680e-08
6.400782757580963019e-08
1.270194881206920082e-07
2.484819388122044360e-07
4.789705798293453006e-07
9.093046364664690958e-07
1.699371288465764799e-06
3.124870709621218497e-06
5.650961975383539486e-06
1.004468324715858368e-05
1.754067592060452947e-05
3.007610170286776784e-05
5.060899988803179496e-05
8.352733465321770959e-05
1.351408928264756038e-04
2.142226054719614911e-04
3.325289749157075286e-04
5.051836509217455182e-04
7.507616220799154293e-04
1.090878212119365028e-03
1.549087065763571445e-03
2.148946429399867328e-03
2.911239416968840459e-03
3.850531578640567238e-03
4.971491637118636252e-03
6.265631545520219080e-03
7.709258881927938747e-03
9.263394498372169369e-03
1.087613904835974671e-02
1.248748739484251136e-02
1.403598884744118418e-02
1.546610440445700396e-02
1.673481144900174772e-02
1.781608945592712961e-02
1.870240273424708319e-02
1.940304599919484563e-02
1.976758758817558081e-02
2.022802124659085765e-02
2.056983002376273212e-02
2.082329710244610124e-02
2.098351607438709437e-02
2.114744901346640379e-02
2.126610836827830600e-02
2.137220696112574619e-02
2.147229574384046380e-02
2.155500826017668625e-02
2.162869343764219077e-02
2.169454807609238339e-02
2.175061099518602048e-02
2.179833343115563510e-02
2.183766065049391053e-02
2.186854864366480009e-02
2.189071199939365137e-02
2.190402682091130426e-02
2.190823269412663435e-02
2.190286273220661342e-02
2.188724389362500106e-02
2.186032569273740553e-02
2.182047048534177178e-02
2.176516248044717966e-02
2.169060965906339372e-02
2.159125592700862628e-02
2.145921022314631332e-02
2.128365993984406013e-02
2.105037773490430614e-02
2.074148911351605257e-02
2.033571872422635513e-02
1.980935224587582547e-02
1.913811342228268972e-02
1.830003467402464140e-02
1.727918621312314953e-02
1.606984274499046947e-02
1.468036906605576716e-02
1.313589361608522715e-02
1.147882401912599971e-02
9.766524964375973561e-03
8.066033584747488508e-03
6.446426861901127618e-03
4.970170629716703578e-03
3.685215939568053500e-03
2.619565655666251242e-03
1.779466032324719237e-03
1.151439182068595204e-03
7.073750007625577646e-04
4.111908034914804611e-04
2.253727418305125692e-04
