2.123089519149330469e-07
8.061462825129324099e-07
2.671848061815159250e-06
7.735348044337878560e-06
1.960892782780642262e-05
4.372327660421766092e-05
8.638081338158384360e-05
1.527925281783246820e-04
2.453086664628260243e-04
3.633763029334159266e-04
5.054628011364506153e-04
6.715017125154943258e-04
8.642418072341806175e-04
1.089179346992103685e-03
1.353842990531429081e-03
1.667184327682731150e-03
2.039283658721649083e-03
2.481243284795142060e-03
3.005107386708579138e-03
3.623712573957767018e-03
4.350416630734594073e-03
5.198667667844858106e-03
6.181381212392105320e-03
7.310100285890510849e-03
8.593928141836536250e-03
1.003824783097247500e-02
1.164327895391089641e-02
1.340257011621009270e-02
1.530158319641505317e-02
1.731658575694591806e-02
1.941411833203729453e-02
2.155132540638230593e-02
2.367740956853757808e-02
2.573636458054796503e-02
2.767095070436078816e-02
2.942760133510854623e-02
3.096163444744438886e-02
3.224186705260374819e-02
3.325360985051227514e-02
3.399916692765926618e-02
3.449543969612463984e-02
3.476897275605175808e-02
3.484956581467624909e-02
3.476408571022549659e-02
3.453205757724112090e-02
3.416393467426427633e-02
3.366192147095339177e-02
3.302237552896700179e-02
3.223857493409864466e-02
3.130296088701632617e-02
3.020860861826108607e-02
2.895024226444095627e-02
2.752490862657700627e-02
2.593279856349573614e-02
2.417805931034395367e-02
2.226979968664618420e-02
2.022326241856769319e-02
1.806112423689916480e-02
1.581474773438578188e-02
1.352504864514427613e-02
1.124257578770178345e-02
9.026542007893257474e-03
6.942768622242063634e-03
5.060321277921040785e-03
3.445652044139069572e-03
2.152242810444785458e-03
1.205609209641182299e-03
5.893895365822235909e-04
2.435931619223559051e-04
8.206961720856840992e-05
2.163575050054284481e-05
4.266260712708374418e-06
5.997226990970719043e-07
5.727715507736635861e-08
3.560230416230825423e-09
1.397805001441508383e-10
3.438558287415806971e-12
5.395651429519720421e-14
5.602952322494529679e-16
4.011690073623843121e-18
2.058694077737511946e-20
7.877442740208514910e-23
2.341576343285484577e-25
5.625770422066210454e-28
1.133996986351466016e-30
1.986455884960695361e-33
3.125660960956695670e-36
4.555939100623287356e-39
6.329069122946106706e-42
8.600806549389892185e-45
1.170706631854368761e-47
1.630378348821297961e-50
2.365492808461539460e-53
3.609828298197254168e-56
5.678397101102257062e-59
8.457823624951888343e-62
1.022731811357615666e-64
8.387443383467018834e-68
3.931420883178311494e-71
8.968090709997751379e-75
