4.821955416664280500e-03
5.490676073258390563e-03
5.665708975679961505e-03
5.760718893771596405e-03
5.872907011130410956e-03
5.954805996829368696e-03
6.041148110313534873e-03
6.119126076198760748e-03
6.197189306446060017e-03
6.276212121043869135e-03
6.354636201827595747e-03
6.433369376091068424e-03
6.513057089115135458e-03
6.593307648244888831e-03
6.674145062797223402e-03
6.755583325510711168e-03
6.837629684495997659e-03
6.920263441599073563e-03
7.003542930398309364e-03
7.087426137828803895e-03
7.171912397267671789e-03
7.256999270558030929e-03
7.342683183489461494e-03
7.428958511294159184e-03
7.515823715856475261e-03
7.603271155516072230e-03
7.691295445157917375e-03
7.779890800347378892e-03
7.869051100592217018e-03
7.958769880537163235e-03
8.049040528531781202e-03
8.139855962830346361e-03
8.231208903957240933e-03
8.323091779769838452e-03
8.415496725595928568e-03
8.508415581786691814e-03
8.601839893941073956e-03
8.695760904591808005e-03
8.790169554586342582e-03
8.885056478318158202e-03
8.980412000720456797e-03
9.076226134268783330e-03
9.172488576057211823e-03
9.269188704896293499e-03
9.366315578552884477e-03
9.463857931037393881e-03
9.561804169992008454e-03
9.660142374171509783e-03
9.758860291025404574e-03
9.857945334381189306e-03
9.957384582234293444e-03
1.005716477464908311e-02
1.015727231177596460e-02
1.025769325198605010e-02
1.035841331013186151e-02
1.045941785593424572e-02
1.056069191250089481e-02
1.066222015498547240e-02
1.076398690938313273e-02
1.086597615147195592e-02
1.096817150590154860e-02
1.107055624542487710e-02
1.117311329026618276e-02
1.127582520758691094e-02
1.137867421097932437e-02
1.148164215980261062e-02
1.158471055798791262e-02
1.168786055152817686e-02
1.179107292312593820e-02
1.189432808109128735e-02
1.199760603716059325e-02
1.210088636383385881e-02
1.220414811514292965e-02
1.230736968431783186e-02
1.241052855601345282e-02
1.251360088785271815e-02
1.261656082418571335e-02
1.271937940260182628e-02
1.282202286013253700e-02
1.292445008203320020e-02
1.302660886460651514e-02
1.312843059093123099e-02
1.322982285463190390e-02
1.333065952578015891e-02
1.343076775224857217e-02
1.352991144881865275e-02
1.362777096468408521e-02
1.372391885367367330e-02
1.381779200940745633e-02
1.390866086700760784e-02
1.399559689655381634e-02
1.407744018657191599e-02
1.415276948700064895e-02
1.421987758427724347e-02
1.427675524172699988e-02
1.432108708107521049e-02
1.435026263985644465e-02
1.436140536940859122e-02
1.435142152326383987e-02
1.431706974757913572e-02
