8.647825517019180550e-03
9.071940965489683553e-03
9.153239094667990974e-03
9.200045825968092977e-03
9.249442465689306642e-03
9.289698028648114142e-03
9.329812679521024346e-03
9.367826451539202834e-03
9.405236791522782192e-03
9.442126629377323166e-03
9.478368882948390653e-03
9.514047140559719548e-03
9.549191504833617894e-03
9.583766463956890774e-03
9.617764103135272025e-03
9.651175362264795971e-03
9.683990567261033244e-03
9.716199054805182977e-03
9.747792460347692173e-03
9.778759342646780456e-03
9.809089670326216412e-03
9.838773386393710740e-03
9.867800455001667775e-03
9.896160869557146106e-03
9.923844745947672796e-03
9.950842190010435878e-03
9.977143421751056770e-03
1.000273873952524199e-02
1.002761852620000747e-02
1.005177325408726854e-02
1.007519349069352019e-02
1.009786990144508761e-02
1.011979325580595994e-02
1.014095443121275017e-02
1.016134441763702663e-02
1.018095432213411353e-02
1.019977537340850497e-02
1.021779892636880127e-02
1.023501646671032099e-02
1.025141961549363642e-02
1.026700013372705035e-02
1.028174992695530740e-02
1.029566104984090506e-02
1.030872571075005378e-02
1.032093627632455629e-02
1.033228527605126700e-02
1.034276540681591111e-02
1.035236953744539910e-02
1.036109071323327094e-02
1.036892216044242761e-02
1.037585729078993949e-02
1.038188970590138080e-02
1.038701320174256933e-02
1.039122177301416740e-02
1.039450961751586279e-02
1.039687114047141252e-02
1.039830095881474209e-02
1.039879390543033133e-02
1.039834503334919127e-02
1.039694961989329376e-02
1.039460317076856474e-02
1.039130142410029690e-02
1.038704035440979681e-02
1.038181617652835127e-02
1.037562534944555005e-02
1.036846458008499304e-02
1.036033082700787630e-02
1.035122130403014207e-02
1.034113348374245643e-02
1.033006510090388880e-02
1.031801415564064482e-02
1.030497891632953765e-02
1.029095792188937375e-02
1.027594998295875209e-02
1.025995418093594153e-02
1.024296986298095340e-02
1.022499662954964687e-02
1.020603430848385229e-02
1.018608290555896370e-02
1.016514251504056256e-02
1.014321316427829571e-02
1.012029455274688489e-02
1.009638562724688229e-02
1.007148391042015680e-02
1.004558446920853290e-02
1.001867837405734894e-02
9.990750460802760163e-03
9.961776169297031566e-03
9.931717202147879661e-03
9.900515731935633987e-03
9.868086896177984124e-03
9.834309367365521096e-03
9.799013881187732672e-03
9.761969757676671952e-03
9.722869660484197152e-03
9.681313104708226883e-03
9.636789530152943886e-03
9.588662081157411921e-03
9.536153542776468206e-03
9.478336135360070774e-03
