4.720955635006845313e-02
4.863366758114068961e-02
4.999882828460487649e-02
5.128206812969415829e-02
5.245521732436564388e-02
5.348407663128223327e-02
5.432753671851989902e-02
5.493672584133352244e-02
5.525431242271128252e-02
5.521418757757548534e-02
5.474191577878927129e-02
5.375659359565169299e-02
5.217509572596263495e-02
4.992002498378605296e-02
4.693274133062675518e-02
4.319209155101465247e-02
3.873724932741964139e-02
3.368921917395073518e-02
2.826128195010075422e-02
2.274713756015000338e-02
1.748054919451149866e-02
1.277270376723828316e-02
8.847596362549005680e-03
5.801184519384233566e-03
3.600340610718527016e-03
2.117867402844192740e-03
1.183791326228056081e-03
6.308627019100990999e-04
3.217988669922522806e-04
1.577876107137775351e-04
7.469835804924163157e-05
3.429334152552113250e-05
1.533314587182007597e-05
6.704293398121774856e-06
2.877683471162491269e-06
1.216864970150921083e-06
5.085721675150641451e-07
2.106809471729197367e-07
8.672684937705477208e-08
3.555207852498414985e-08
1.453837882396427189e-08
5.938668453869932700e-09
2.425456919406202553e-09
9.909923028471335583e-10
4.051364057849236987e-10
1.657006158281171684e-10
6.777201087296768249e-11
2.770044460335392020e-11
1.130466415115003630e-11
4.601797936338606978e-12
1.866471335750707468e-12
7.534291726435873851e-13
3.023343827406189346e-13
1.204642035577799237e-13
4.760671754084329810e-14
1.864022751534485609e-14
7.223736172489275055e-15
2.768080638885099027e-15
1.047862120178567190e-15
3.915287768703725885e-16
1.442796416351825771e-16
5.239580037730093866e-17
1.873807939826422410e-17
6.594701185614945363e-18
2.282582026187193026e-18
7.765198919057306156e-19
2.594895523546506012e-19
8.513058689556923685e-20
2.740420610985500922e-20
8.651493277720120243e-21
2.677267216696532912e-21
8.117290594184042533e-22
2.410171119727041020e-22
7.004981150550683025e-23
1.992044529770360394e-23
5.540387917250254791e-24
1.506439061737716561e-24
4.002757947090476480e-25
1.038949129440118382e-25
2.633248653503236485e-26
6.514664523218963342e-27
1.572676121329838875e-27
3.703245531062898888e-28
8.503057531115231340e-29
1.903158970047051735e-29
4.150924913280806722e-30
8.819657578661527158e-31
1.825019494939465992e-31
3.676791029690557588e-32
7.210039936030744757e-33
1.375815852600318209e-33
2.554045315345024962e-34
4.611470854782609794e-35
8.096459271096780894e-36
1.381984560530381022e-36
2.292855463446695056e-37
3.696869892290032472e-38
5.791616676940058597e-39
8.814616178234903418e-40
1.303108069697062212e-40
