7.970899718680066193e-02
7.802609541720488540e-02
7.606705171164113155e-02
7.382572107159321440e-02
7.129574125084792158e-02
6.847174388189422589e-02
6.535048209332637581e-02
6.193202600216105025e-02
5.822114138800652677e-02
5.422894330242435112e-02
4.997490060763955938e-02
4.548924111948095955e-02
4.081572688766940682e-02
3.601456771632054882e-02
3.116485469550905191e-02
2.636534245844423738e-02
2.173190272602569181e-02
1.738997457642653052e-02
1.346138713941163849e-02
1.004716894517004334e-02
7.210612115416188683e-03
4.966291714596140355e-03
3.279470585794317175e-03
2.076445272274484322e-03
1.261977116635889162e-03
7.376318862616168147e-04
4.157342570655763597e-04
2.266244380345117972e-04
1.198817464427466290e-04
6.175073931987948349e-05
3.107824836246137113e-05
1.533325298024996230e-05
7.439417530987468615e-06
3.559885319720350067e-06
1.684517981297179637e-06
7.900957370055612562e-07
3.680722192953045266e-07
1.705997435935939659e-07
7.877980720643117650e-08
3.628275953503446306e-08
1.667846921637972084e-08
7.655559859144275222e-09
3.509470076145095800e-09
1.606672626539576064e-09
7.343886183869640347e-10
3.350106433152109805e-10
1.524377519800562234e-10
6.914411447472812017e-11
3.124262624671833135e-11
1.405254089180699326e-11
6.287183605147927374e-12
2.795960303921624010e-12
1.234994378169615423e-12
5.414436724811499783e-13
2.354524317639995630e-13
1.014928414303459814e-13
4.333958927845912705e-14
1.832315480073848847e-14
7.665570367341544636e-15
3.171708589872151559e-15
1.297283291685345166e-15
5.242866034650008309e-16
2.092692080259186671e-16
8.246401967460506164e-17
3.206823980457965937e-17
1.230195558739822851e-17
4.653780997411580073e-18
1.735487794841820498e-18
6.377907989202257317e-19
2.309079350342633677e-19
8.233252108345624284e-20
2.890338523649788925e-20
9.987296793976502292e-21
3.395865379648891883e-21
1.135903419664338980e-21
3.736883652109458153e-22
1.208779842334199326e-22
3.843703013328101324e-23
1.201202129951193698e-23
3.688482576627068073e-24
1.112626586454506266e-24
3.296315411394713607e-25
9.589503907923234634e-26
2.738828265596490205e-26
7.678046821043994544e-27
2.112383597995196662e-27
5.702331188947336768e-28
1.510128891910891321e-28
3.922695559189753806e-29
9.992957969112103199e-30
2.496175100963170114e-30
6.113121627522709025e-31
1.467561599184402736e-31
3.453155364386380919e-32
7.962811100928908894e-33
1.799260960079661066e-33
3.983356684227303160e-34
8.639414473432782778e-35
1.835503511150727172e-35
3.819623947805053588e-36
