7.330532997298512717e-03
7.407561345429342255e-03
7.464900550464864670e-03
7.519485256291783166e-03
7.574268416405693233e-03
7.627902862780702557e-03
7.681450008523498137e-03
7.734518606318810385e-03
7.787402030076337814e-03
7.840163621270193964e-03
7.892752600924670542e-03
7.945225346535371783e-03
7.997638618090028434e-03
8.049989413573705246e-03
8.102295599545610016e-03
8.154573309265193345e-03
8.206837098964596747e-03
8.259097439535990903e-03
8.311372413269768264e-03
8.363668593678593582e-03
8.415995560304156270e-03
8.468361815602747436e-03
8.520774873185742518e-03
8.573240987022055434e-03
8.625766766151050577e-03
8.678356641555279305e-03
8.731014905458375427e-03
8.783745176551633477e-03
8.836550451992291125e-03
8.889433121015224287e-03
8.942395158641874495e-03
8.995437908806157290e-03
9.048562320377897400e-03
9.101768919700936600e-03
9.155057842156939102e-03
9.208428858871405692e-03
9.261881413365417870e-03
9.315414628462942437e-03
9.369027342558044688e-03
9.422718125717976026e-03
9.476485298541500318e-03
9.530326949300857095e-03
9.584240950082787563e-03
9.638224970391349664e-03
9.692276490803742803e-03
9.746392814634307483e-03
9.800571078713352785e-03
9.854808263150082945e-03
9.909101200176526417e-03
9.963446582117528594e-03
1.001784096860222455e-02
1.007228079304468490e-02
1.012676236847352348e-02
1.018128189276563435e-02
1.023583545333268084e-02
1.029041903131573329e-02
1.034502850532558089e-02
1.039965965477614510e-02
1.045430816284328469e-02
1.050896961908358469e-02
1.056363952173745846e-02
1.061831327973830966e-02
1.067298621443417764e-02
1.072765356101786083e-02
1.078231046963578320e-02
1.083695200611565872e-02
1.089157315220237211e-02
1.094616880512037232e-02
1.100073377617705531e-02
1.105526278797747119e-02
1.110975046961717311e-02
1.116419134895041756e-02
1.121857984066040870e-02
1.127291022839602488e-02
1.132717663862919596e-02
1.138137300314903504e-02
1.143549300619263118e-02
1.148953001114919915e-02
1.154347696052140416e-02
1.159732624144640956e-02
1.165106950756807265e-02
1.170469744647679999e-02
1.175819948036063364e-02
1.181156338605680520e-02
1.186477481944091944e-02
1.191781672821396604e-02
1.197066863678797333e-02
1.202330578728487420e-02
1.207569812182867318e-02
1.212780909346932064e-02
1.217959429636270019e-02
1.223099991032950730e-02
1.228196096067041797e-02
1.233239940110032219e-02
1.238222203579179143e-02
1.243131830560220003e-02
1.247955797336596298e-02
1.252678875330198380e-02
1.257283393975343853e-02
1.261749010014866397e-02
