4.848108840665481256e-02
5.026351592035254584e-02
5.189481784326346880e-02
5.334989191458713864e-02
5.459749994654985311e-02
5.560110317730200535e-02
5.631896062218571392e-02
5.670408483579598979e-02
5.670446413126507129e-02
5.626387367963720659e-02
5.532361157292601389e-02
5.382556468483650630e-02
5.171709081703839556e-02
4.895824794984632994e-02
4.553181401717378007e-02
4.145613163917884897e-02
3.679976299530723916e-02
3.169491698467720442e-02
2.634375088005576696e-02
2.100941718906887759e-02
1.598525879632066785e-02
1.154371468800183438e-02
7.879433747943172597e-03
5.069923786191118768e-03
3.071994822046242909e-03
1.753976795033828024e-03
9.456162567164732007e-04
4.829492222455865043e-04
2.346153669725344483e-04
1.089147045715785377e-04
4.855307432385449904e-05
2.088789583568315979e-05
8.713915231462343190e-06
3.541196926298798646e-06
1.407729912888545150e-06
5.494595292527676911e-07
2.112449339392770373e-07
8.020686876817670352e-08
3.013664013179085370e-08
1.122176836741588672e-08
4.144639233950186490e-09
1.518852764601005290e-09
5.521889586647469112e-10
1.990533593993080060e-10
7.108690089257799398e-11
2.512308606863843653e-11
8.775529267019402905e-12
3.025522101174246107e-12
1.028116481089901024e-12
3.438612268491236481e-13
1.130354541016449943e-13
3.647071052948679042e-14
1.153452741730946344e-14
3.571347695017068152e-15
1.081222649024189277e-15
3.197019451220855860e-16
9.222320199463143476e-17
2.592608357597307126e-17
7.095613463295408114e-18
1.888727836137489227e-18
4.884938155205946068e-19
1.226464538714844293e-19
2.986508824722538152e-20
7.046955569137180803e-21
1.609876520075801869e-21
3.557695172027541136e-22
7.599213100690079143e-23
1.567606408338057879e-23
3.120502749361764585e-24
5.989456468202315252e-25
1.107610709170713091e-25
1.971926555996694391e-26
3.377307356924396646e-27
5.560382690640355716e-28
8.793804507375579218e-29
1.334986310076381068e-29
1.944021023766819410e-30
2.713640301615110312e-31
3.628616009632717485e-32
4.644992490360592343e-33
5.688663562581178708e-34
6.661181064856041791e-35
7.453350757221964210e-36
7.964606389676261339e-37
8.123676518849419564e-38
7.904784646057078279e-39
7.334340307663004810e-40
6.485768784635825561e-41
5.463849973673738828e-42
4.383212660024697844e-43
3.347146698802739376e-44
2.432148016182065583e-45
1.681108812636087335e-46
1.105001391561643470e-47
6.905177499771372718e-49
4.101371121498328827e-50
2.314920375013595307e-51
1.241422945640952603e-52
6.324373488808050632e-54
3.060411704435476124e-55
